Case #1:
11101001010110101110101101000011 5 2 3 2 37 2 5 2 3
10100100100011001001110001100101 3 2 5 2 7 2 3 2 11
11100110100100100110011111101101 271 97 67 17 1259 173 13 61 17
10000011010000101110000111001011 5 2 7 2 19 2 5 2 101
11000101011111110010100010011011 3 2 3 2 7 2 3 2 3
11000111100110110011001001100001 3 2 5 2 7 2 3 2 11
11000100110001010101000100010111 577 2 11 2 11 2 7 2 7
11011111110001000111110101001011 7 2 11 2 5 2 19 2 1109
10010101011110101010010001101111 3 2 3 2 7 2 3 2 3
10110111111111110111101110011011 13 7 7 23 5 31 1301 11 7
10111000010011000100000011010111 283 2 41 2 13 2 7 2 7
11101010111110111110111100011101 3 19 37 3 23 9103 3 19 19
11101110010001111110110011100101 3 2 5 2 5 2 3 2 11
10011110100101011101001000101011 5 859 89 7211 1187 5 131 83 269
11110101101110000011101111010011 3 2 5 2 5 2 3 2 11
10110110100100001100011000111101 3 2 5 2 7 2 3 2 11
11110000111111111110000001010001 5 2 3 2 37 2 5 2 3
11010100000110111001000111100111 3 127 11 3 41 5 3 11 647
11010110011011010001000101100011 13 2 43 2 277 2 19 2 269
10010110011110001111110000110101 5 2 3 2 37 2 5 2 3
11000001111011111101111011101001 7 29 3 2903 1949 3 7 7 3
11100000001110001100101001111001 3 7 3 3 5 3 3 37 3
10001111010101111010100111000101 7 2 3 2 43 2 41 2 3
11001100111001010000111101101101 1217 2 3 2 2689 2 5 2 3
11100001110111000111011001001101 5 2 3 2 4549 2 19 2 3
10110110001100000101011111011101 7 2 3 2 43 2 73 2 3
10111010111111001000110010101001 3 2 3 2 19 2 3 2 3
11110110101111011100110001111011 3 2 5 2 7 2 3 2 11
10010011110101001010000010100101 3 2 5 2 7 2 3 2 11
10110001111100010000000101110101 521 7 3 739 5 3 67 5 3
10100101010001000011100011001011 3 2 5 2 7 2 3 2 11
11000000010000100000011000001111 3 2 5 2 5 2 3 2 7
10000011001011001101011111111111 3 2 5 2 5 2 3 2 7
10000101001101011111000001110101 3 2 43 2 9091 2 3 2 19
10010110010001000110011001001111 3 1049 3 3 5 3 3 4159 3
10110110101100000010010100111101 3 2 5 2 7 2 3 2 11
10111010000100001110110000000111 5 2 17 2 13 2 5 2 7
10100010001011011000101010010011 3 2 127 2 11 2 3 2 79
11010111110100101010100100011011 3 2 3 2 7 2 3 2 3
10100100100010101011001000101111 17 7 3 11 5 3 11 11 3
11000100011101011100100001110101 3 2 13 2 31 2 3 2 7
11101011110100111111101101110111 3 2 3 2 7 2 3 2 3
10101010101110010010000101001101 3 13 3 3 5 3 3 7 3
11100010001010101101000011100011 151 5 3 29 5 3 5 5 3
11110011000111100010111000000101 3 2 5 2 7 2 3 2 7
10010100001100111010010100101111 3 2 5 2 7 2 3 2 11
10000100100100100100100110110111 3 2 5 2 7 2 3 2 11
11001011011000001100001000111011 3 17 3 3 5 3 3 4831 3
11111101111110011111100111111111 7 13 3 13 13 3 23 7 3
11101011101101110101100100101101 3 2 5 2 5 2 3 2 11
11110010010000000110101011101101 13 2 19 2 23 2 5 2 449
11110001100100011111100001100001 17 2 71 2 23 2 5 2 7
10110101000011101011101001101011 167 2 3 2 17 2 883 2 3
10111100011000110011110100001001 3 2 5 2 7 2 3 2 11
11011111100011011100010111111101 71 2 449 2 1171 2 421 2 41
11111011001011100000011011001011 139 2 3 2 23 2 37 2 3
10100101011000101100100111101001 17 2 3797 2 11 2 31 2 43
11011000010011001010110000010011 3 2 5 2 7 2 3 2 11
11001111100001000011010011100011 3 2 5 2 7 2 3 2 11
11001011011101111011110110000011 3 2 5 2 5 2 3 2 11
10100101100111101000000000011111 11 5 3 109 5 3 5 43 3
11110110101101101110000001000111 3 2 3 2 7 2 3 2 3
10011101010000000110100000111011 3 2 5 2 7 2 3 2 7
10100010110100001001011000010111 3 2 5 2 7 2 3 2 7
11000011111110001111110001111001 3 2 5 2 5 2 3 2 11
11011110010001011011100011001101 5 2 3 2 1297 2 17 2 3
11000001011001110100101000101111 3 2 5 2 7 2 3 2 11
11011101110101111101010000110011 3 2 739 2 5 2 3 2 283
11110111101011010010010101010111 17 2 19 2 5 2 19 2 1129
10101000101011100000011110110001 7 13 3 31 5 3 17 5 3
11100000110010000101100110001011 157 2 4159 2 23 2 7 2 197
10100010101101001110001110111011 3 2 3 2 43 2 3 2 3
10011111010111010110100110110001 3 17 19 3 103 19 3 1321 29
11010100001100101101000100010111 277 5 3 17 5 3 5 5 3
10111010000000001011110011100111 5 2 17 2 37 2 5 2 13
11000000001100010100111010001011 29 449 11 17 101 11 41 11 31
10101001101001001001011001000011 5 2 17 2 37 2 5 2 7
10001001000111101011111000001001 3 23 3 3 5 3 3 7 3
10000110000010011101101010100101 13 2 11 2 3181 2 7 2 13
11111101010110110010111111100101 5 2 17 2 37 2 5 2 101
11000101000101101110000110110001 3 6781 3 3 5 3 3 11 3
10101001111101111000101000011011 11 2 3 2 1597 2 5 2 3
10010010011001000010110010110101 3 2 5 2 7 2 3 2 11
10100010011010011010100011101011 5 2 17 2 37 2 5 2 101
11001110100101100100110111111011 3 2 5 2 5 2 3 2 11
10011111010010010101111010100011 3 2 3 2 7 2 3 2 3
10001100011100111111000010101001 23 2 11 2 13 2 23 2 19
10011101010110111010101111010011 3 2 5 2 5 2 3 2 11
11111001011110110001110000111011 3 2 5 2 5 2 3 2 11
10011010111110111100010000101101 17 2 3 2 661 2 17 2 3
10100011111000011011011011010101 3 2 3 2 7 2 3 2 3
11010011000111000001011110100001 3 7723 3 3 5 3 3 5113 3
10101010001010101110000000111101 7 13 3 23 5 3 73 7 3
11101000010110000100111001001001 3 2 5 2 7 2 3 2 7
10000011010110100000110110011101 11 23 3 13 5 3 11 59 3
10011111001011001101100110001101 3 2 3 2 7 2 3 2 3
11010110000100001010011000001001 3 2 3 2 7 2 3 2 3
11101010100000010101110111111001 3 2 3 2 7 2 3 2 3
10100000001110010101010001111101 3 7 3 3 5 3 3 7 3
10101110000101010100111100010111 3 3301 7 3 127 13 3 29 23
10110011000100100111111000001001 7 13 3 13 5 3 73 7 3
10010010100001001011101110011001 3 5 3 3 5 3 3 29 3
10001010110111010100000010011001 3 2 5 2 7 2 3 2 11
11110000011100011001001011000011 71 5 3 23 5 3 5 17 3
11100001100101101010001100010001 3 2 5 2 7 2 3 2 11
11000010101101010010101110001111 3 7 113 3 349 11 3 11 7
10100101110110011010000110100001 1663 7 3 7687 5 3 13 643 3
10001111001101111010100101010011 3 2 3 2 7 2 3 2 3
11111101111101111010011100111011 3 2 3 2 7 2 3 2 3
10101100001100010011100100110111 3 2 5 2 7 2 3 2 11
11101110011100111000010110100111 23 5 131 5711 61 101 5 61 73
11110000111111011011101110000101 3 2 5 2 5 2 3 2 11
11111100000011100100110101010111 5 2 3 2 211 2 29 2 3
10100110001001111011101110111101 157 2 3593 2 5 2 109 2 2339
10011001111111000000101010100011 17 2 257 2 191 2 17 2 31
11110000010100011110011011010011 3 7 13 3 31 43 3 7 7
11110011011000101001110001101011 1429 2 3 2 17 2 11 2 3
10010000101100100110110000001001 859 2 3 2 19 2 29 2 3
11100001011110011011101111010101 7 2 11 2 5 2 5 2 7
11111111000001111001010110100001 337 2 3 2 11 2 11 2 3
11001100100001000000111100111011 5 227 3 61 5 3 5953 11 3
10111111011001000011000001100011 3 2 5 2 7 2 3 2 7
11111010111100010001110111110001 79 2 103 2 5 2 5 2 3797
10000001111001110110101011001111 149 2 3 2 317 2 11 2 3
10111001010110100101000111000001 3 13 3 3 5 3 3 7 3
10011110000111000111111111000001 631 2 3 2 163 2 1973 2 3
11000110010010001010010000001101 3 2 3 2 7 2 3 2 3
10111100101100101011000111100101 19 2 3 2 563 2 89 2 3
11111000011111100001100000100101 3 2 5 2 7 2 3 2 11
11000101010110111000110101111001 5 2 3 2 43 2 73 2 3
10110111010101001111011111101001 3 1049 3 3 4909 3 3 419 3
10101001010000101000000110001101 5 2 3 2 19 2 173 2 3
10111100100111110010100001111001 29 2 3 2 89 2 17 2 3
11011010100000110100000011101011 3 83 3 3 5 3 3 11 3
11110110100001011000100100000011 3 2 5 2 7 2 3 2 11
10011001010101000100001100111011 3 23 3 3 5 3 3 151 3
11111111110001010010001100101001 3 2 3 2 7 2 3 2 3
10001111100011001101010011110101 5 2 3 2 11 2 5813 2 3
10011001110110010001011010001001 7 173 3 29 5 3 389 7 3
10000101100001110011011111011101 11 2 3 2 71 2 283 2 3
11110101111001100110110001010111 5 2 137 2 5 2 331 2 17
11010101101100100110111011111111 3 2 5 2 7 2 3 2 11
11010111100010000100111000001111 3 2 5 2 7 2 3 2 11
10111100000111011001111100010011 5 2 3 2 101 2 283 2 3
11000111101101101100110110101101 3 2 5 2 5 2 3 2 11
11101001111010111000111001011011 31 2 71 2 5 2 271 2 227
10010001100011100111001011011101 7 5 151 11 173 73 5 7 83
11110011101001001101001111101101 3 2 5 2 5 2 3 2 11
11000010000011001011011000110101 3 2 5 2 7 2 3 2 11
11010011101001010010100010110101 3 2 5 2 7 2 3 2 11
11111000100001000010011101101101 3 2 5 2 7 2 3 2 11
11001000100101101011001101100101 3 2 5 2 7 2 3 2 11
10011001010101110101111101100001 3 2 3 2 13 2 3 2 3
10001111100101100000110001001111 3 2 5 2 7 2 3 2 11
11100110101100101100100101110101 3 2 3 2 7 2 3 2 3
11011110101011010011000010010111 3 2 3 2 7 2 3 2 3
10100001111001001010111101011111 61 11 7 17 17 13 67 2687 4001
10100011010101110111101000100111 3 2 3 2 7 2 3 2 3
11110010100000110100000011001111 43 4903 3 53 5 3 6379 29 3
11101111110101010110010001100111 5 2 11 2 5 2 19 2 43
11111101000000001011001011000001 3 2 5 2 7 2 3 2 11
11011010011011000110100001010011 3 2 5 2 7 2 3 2 11
11110101111000011111110110100111 5 2 17 2 19 2 5 2 101
10110001000001011111001100011011 193 2 431 2 11 2 13 2 3137
10011100100011110010011001010011 3 2 5 2 7 2 3 2 11
11101011111011011111111101100101 3 2 3 2 7 2 3 2 3
10001100110011010001001110001111 3 2 5 2 7 2 3 2 11
11100111110010011100011001111011 3 2 5 2 5 2 3 2 11
10110011011001100011111101001001 3 2 3 2 7 2 3 2 3
11011000101111001110110101101011 17 2 1153 2 5 2 5 2 89
10001000000010000101100110010111 3 2 3 2 7 2 3 2 3
10100111011101100000011101111101 3 7 13 3 31 43 3 19 7
10011010110010100010110101010101 3 2 5 2 7 2 3 2 11
10111100100001101010001000010111 3 7 3 3 5 3 3 7 3
11101010100111100111110111000101 3 2 5 2 5 2 3 2 11
11010000011110110011000001100101 3 11 3 3 5 3 3 947 3
11000100000001011110010010000101 2017 2 3 2 47 2 5 2 3
11001111001011010011001010001111 5 2 3 2 37 2 5 2 3
11000011110101111001000101000001 5 61 3 17 5 3 11 5 3
11100111101110111110000011001111 3 13 3 3 13 3 3 7 3
11000101111001101101101000101101 3 2 3 2 7 2 3 2 3
10011100111100100111001010111001 7 2 3 2 43 2 73 2 3
10100100010000011111111011111001 3 2 3 2 7 2 3 2 3
10001001111010000001010110100101 3 2 5 2 7 2 3 2 11
10001011001001110100000011111111 7 7 37 23 263 13 113 7 7
11010000010111001000010010110101 3461 2 19 2 29 2 5 2 317
10010100100110100011000011111011 19 2 7 2 383 2 5 2 43
10110111110110001010111110001111 3 5 3 3 19 3 3 11 3
10000110100000001100100011110111 31 2 7 2 17 2 7 2 563
11000010111101011011011011011011 3 2 5 2 5 2 3 2 11
10001100110011111111100111001011 17 2 13 2 5 2 379 2 23
10001001000011010110011101101011 3 2 5 2 7 2 3 2 11
11101111001110100101110111101101 3 2 5 2 7 2 3 2 11
10110101000001011001000000010101 3 2 3 2 47 2 3 2 3
11011111111101011001011111100111 5 2 3 2 13 2 5 2 3
10001011100011110001100010110001 3 5 3 3 5 3 3 157 3
10000101001000010101101000001101 19 2 3 2 13 2 17 2 3
11100011100001111010110001111001 5 2 3 2 37 2 5 2 3
11101001000011101110001101010111 3 2 3 2 7 2 3 2 3
11110011010101011000110110110101 5 733 5 7 19 5 29 5 47
11011111100100110110111111001011 3 2 5 2 7 2 3 2 11
10110101010000011001101010010101 3 137 3 3 5 3 3 11 3
11010011111111110110101101101001 3 2 5 2 7 2 3 2 11
11000101011000111011101001001001 3 2 5 2 7 2 3 2 11
10001000100100110101111100111101 19 7 193 19 13 503 13 13 7
11101100011110001010100101110101 3 2 3 2 7 2 3 2 3
10000100100010100100001010011011 11 2 3 2 6841 2 29 2 3
11011100101110100111001001110111 3 2 5 2 5 2 3 2 11
11111001011000000001011001110001 3 37 3 3 5 3 3 11 3
11100100101011111010100000000111 17 2 23 2 1511 2 61 2 13
10101011000010011111101001010111 13 2 3 2 137 2 11 2 3
10000010000011111000000101011011 5 7 37 23 11 5 31 13 7
10011101011010101000000110010001 3 2 5 2 7 2 3 2 11
11110000011010111101011000011011 3 2 3 2 7 2 3 2 3
10000100110000000111011101010011 349 2 2741 2 127 2 7 2 383
11100111001110011000011100101101 3 2 3 2 7 2 3 2 3
11110110101101111110111000011011 13 2 223 2 13 2 499 2 19
11001100001110110111100000000011 7 13 3 31 5 3 73 7 3
11001001110111001000001101101001 3 2 5 2 7 2 3 2 11
11100100010110110011111001001011 3 2 3 2 7 2 3 2 3
10010111010001001101010010010001 3 2 41 2 71 2 3 2 17
11001011101110011010111001011001 3 7 13 3 31 43 3 7 7
10101001011110011101000011110101 2389 2 3 2 449 2 2083 2 3
11111111100100001010111011110101 7 11 3 31 23 3 7 7 3
11110100001101011110110110101111 151 7 3 61 101 3 7 6053 3
11001001101010111100010100000001 3 2 5 2 7 2 3 2 7
11010000100011010000011110011011 23 17 3 13 5 3 7823 17 3
10101000011010100000110101100111 3 107 3 3 5 3 3 11 3
11000011100111100000101100100011 3 5 3 3 5 3 3 2371 3
10010100100011011111001111111011 3 2 5 2 5 2 3 2 11
11010110110000001100010001100111 3 5 3 3 5 3 3 1193 3
11000100011010001000010101100111 19 2 5737 2 13 2 7 2 107
11110011000000000001101010101011 5 2 43 2 13 2 7 2 1163
10101011011110101101010101111001 3 2 5 2 5 2 3 2 7
10001010111100100101100100110101 3 2 5 2 7 2 3 2 7
10100100101110100100011100110101 3 2 5 2 7 2 3 2 11
11011111110101010100011000100101 3 2 3 2 31 2 3 2 3
11110100000010010111000010111111 1217 359 13 179 11 13 17 13 2273
10101001000010011001010110001101 3 2 5 2 7 2 3 2 11
10001011111001110010010001000011 7 5 3 367 5 3 5 7 3
10101111111111010101010001111011 5 2 17 2 37 2 5 2 101
11110110100110111101010100111101 3 7 3 3 31 3 3 23 3
10100010110110001001011100100101 19 151 3 11 5 3 311 17 3
11010110010000000111010100111001 23 103 3 11 5 3 67 5 3
10011110000110011100011011101101 3 2 3 2 7 2 3 2 3
10111000101100100001010101110011 3 2 5 2 7 2 3 2 11
11010111010110101000010011110011 5 2 3 2 11 2 5 2 3
10111100001011110100001011000101 3 2 5 2 7 2 3 2 11
10110111001110011010000110001111 17 2 3 2 53 2 23 2 3
11011111100111001011101110111101 5 1009 29 211 41 5 67 353 19
11110000111011111111000011010011 3 2 5 2 5 2 3 2 11
10101000011011110110110011011011 3 5 29 3 13 79 3 47 179
10101001100111011011100000110111 5 2 3 2 11 2 43 2 3
10111110001001011110011001110001 3 2 3 2 7 2 3 2 3
10111101000110001010001111110111 191 3803 11 563 59 13 19 6761 8377
10010010010000110111111010110001 3 2 5 2 7 2 3 2 11
10011100101111011100110001000111 5 2 3 2 13 2 73 2 3
10100101000100001110001010111011 3 5 3 3 5 3 3 7 3
11100000110010111100010101111011 3 2 3 2 7 2 3 2 3
11110011111101011100001000010011 13 2 3 2 29 2 29 2 3
10111100011001101010010011111011 3 17 9277 3 11 5 3 13 61
10000001000011110001100001000011 5 7 113 7 11 5 97 7 7
10011111100010100111010100101101 3 2 3 2 7 2 3 2 3
11100100101010001100001000000001 3 5 7 3 13 59 3 17 227
11101010001001011011111011010001 5 2 3 2 37 2 5 2 3
11001110101111010011110100101011 13 2 11 2 5 2 59 2 17
11010001110110001110011111110001 3 5 2767 3 11 6581 3 7 4909
10001011000101101110110100010001 5 13 3 31 5 3 73 7 3
10101111110010100110111100011011 5 2 11 2 5 2 5 2 101
10011000000011110111010110110101 3 43 547 3 1097 5 3 13 53
11000001100011001011001101100111 3 2 5 2 7 2 3 2 11
11110001100010010100010110001111 5 2 7 2 17 2 11 2 7
10110100101011110100000101001011 3 2 5 2 7 2 3 2 11
11001011011110011001010010100101 3547 5 2393 11 41 173 5 251 257
11001001011111001101011100001011 23 2 3 2 79 2 107 2 3
11010000111011101011001101010101 5 2 3 2 37 2 5 2 3
11000101001111010010011001100001 3 5 3 3 5 3 3 103 3
11000000111111010011111111011011 7 5 3 7 13 3 5 7 3
10100100001011110111111100011111 3 2 5 2 5 2 3 2 11
11001111101111000011000100111111 3 2 5 2 5 2 3 2 11
11110100100001100001011011100011 3 2 5 2 7 2 3 2 11
11100101101000101001110101101101 3 2 3 2 7 2 3 2 3
11000011010110000101110010011001 3 199 3 3 5 3 3 43 3
11001010111110000010001001100001 7 2 857 2 73 2 7 2 7
10011010010101111100111001111011 3 2 5 2 5 2 3 2 11
10100001111011011010100111111101 5 2 173 2 5 2 11 2 7
11111100010001100100011010100011 3 2 5 2 7 2 3 2 11
10011110001001000011000000010111 5 107 6961 193 307 5 211 13 13
10011111111100101100011111000011 3 2 5 2 5 2 3 2 11
10001010100011001101100001100111 3 107 3 3 5 3 3 709 3
11011111010101111010111111011011 7 2 3 2 101 2 29 2 3
11101110100001110110011100011001 3 2 3 2 7 2 3 2 3
11001100101000000000010010101101 8629 2 3 2 101 2 43 2 3
11011101011101110110100001011111 19 2351 3 709 19 3 7 5 3
10101101100000010000110000110111 3 2 5 2 7 2 3 2 11
10000010101110110101110001101111 5 2 3 2 17 2 5 2 3
11001011111100101110011101111011 17 2 7 2 157 2 257 2 47
10101100111111110000100010100111 23 2 3 2 13 2 11 2 3
10011000000110000101101011110001 3 2 5 2 7 2 3 2 11
10010000101001010101000011010001 71 2 3 2 571 2 31 2 3
10101110011001011110101100101001 83 2 3 2 13 2 31 2 3
11101101101111100011111010000101 59 2 7 2 5 2 19 2 79
10000010000010001111001111110011 3 5 3 3 5 3 3 79 3
11100110010100110000010110001101 3 31 3 3 5 3 3 19 3
10100101110011010010111011011011 5 227 13 11 107 5 29 499 257
10111011010011011001101111111101 3 2 5 2 7 2 3 2 11
10101001010100011000100100100111 3 2 5 2 7 2 3 2 7
10000101111111010100010100010111 7 7 31 17 7 281 1637 7 7
10001011010011111110100010111111 193 2 43 2 5 2 3931 2 7
10011000101000101101001100111001 3 739 3 3 5 3 3 347 3
10110010110000011110011110000101 3 2 5 2 7 2 3 2 11
11000101000000010001001100110111 17 7 5 13 61 1367 23 5 7
10000001001011111010111110101011 3 2 3 2 13 2 3 2 3
10101111111011100100000010001111 5 2 3 2 13 2 73 2 3
10000010010000110111001010101011 8243 2 293 2 107 2 5 2 7
10010011101000011010100101110101 3 2 5 2 7 2 3 2 11
11101000000000011001101111011101 3 2 5 2 7 2 3 2 7
10011101100111100100111011110011 3 2 5 2 5 2 3 2 11
10011000011111010111100001100111 5 2 3 2 37 2 5 2 3
10001001111110010001111010111001 11 2 3 2 73 2 673 2 3
11000111001111010011110110001101 3 5 59 3 19 2339 3 193 239
10101011000000010011000100001101 3 2 3 2 7 2 3 2 3
11010100001101110011101011101001 3 2 3 2 7 2 3 2 3
10000100111111110000011010000001 3 2 5 2 7 2 3 2 7
11100100110111100010010001110101 3 83 7 3 317 11 3 37 31
10111111000010010001011010111101 3 2 3 2 7 2 3 2 3
11000001110000010101001000110111 11 2 787 2 29 2 7 2 7
10111001100111001000111001000001 43 83 3 7 5 3 79 71 3
10010011010000010010110011011001 6883 2 7 2 1163 2 7 2 43
10001101000010100101110011011001 5 5 3 7 5 3 5 11 3
11001101001101001100111010000011 3 2 5 2 7 2 3 2 11
10001100100110101111110111001001 17 2 3 2 61 2 17 2 3
11110111010100111000011000000001 3 317 3 3 5 3 3 317 3
10100110011101111100110111011101 3 5 3 3 13 3 3 11 3
10011000110101011111000110111001 139 2 3 2 193 2 17 2 3
11000001000010111000101010100101 3 5 23 3 19 67 3 457 23
11010011011010011111000010000011 3 2 5 2 7 2 3 2 11
10000011000011100011110100001101 3 2 5 2 7 2 3 2 11
11101010011011111101001101000001 3 2 3 2 7 2 3 2 3
10100011110110110000010100110011 3 2 5 2 7 2 3 2 11
11011101000110110000110001111101 5 2 3 2 43 2 37 2 3
11001100001101100101001010000011 3 2 5 2 7 2 3 2 7
11100000011001001110000101001011 3 2 5 2 7 2 3 2 11
10011100001101101101001000100111 3 2 5 2 7 2 3 2 11
11101010011011110001000111111001 79 11 13 37 13 79 443 643 479
10110011011011010100110001000101 7 2 163 2 541 2 1117 2 7
10110010110100111011001111010001 3 2 3 2 7 2 3 2 3
10100111111000000001110000011011 13 31 3 7 5 3 59 11 3
11010111000110011101000101001011 7 43 5 521 11 11 11 5 9091
11101101111111110000110011001111 3 2 5 2 7 2 3 2 11
11010011001100101111100110100101 3 2 3 2 7 2 3 2 3
11011011111110001011001001011101 3 2 5 2 5 2 3 2 11
11100101111001101100110000101101 3 2 3 2 7 2 3 2 3
10101011001111000100101001111101 5 2 3 2 37 2 5 2 3
10010000011101101111111010011111 3 2 5 2 5 2 3 2 11
11101111100100010000001010011101 3 2 5 2 7 2 3 2 11
10011010011000101111101010011011 3 2 3 2 3217 2 3 2 3
10010110001111111011100100111001 5 5 73 43 103 5 5 149 43
10000001100101110001101100100011 3 2 5 2 7 2 3 2 11
11110100100110110000111101110011 43 5 181 67 311 29 5 13 13
10101100010000110100111000001001 227 5 13 53 2083 37 5 19 6287
11011011111010010010011101100111 3 2 5 2 5 2 3 2 11
10000110111001001001010100100111 5 13 3 31 5 3 17 7 3
10000110001001010101010110000001 5 2 3 2 37 2 5 2 3
10110011000000000011010111000001 5 2 3 2 811 2 103 2 3
11011110010111100000100000101001 5 13 3 19 5 3 73 7 3
11110111000000111110001000011111 3 2 3 2 7 2 3 2 3
11111100000111100110110111100011 3 2 5 2 5 2 3 2 11
10001111000011111011100111000101 3 2 3 2 7 2 3 2 3
10001101001001111100100001000011 3 2 5 2 7 2 3 2 11
10011110110110101101000010011011 11 2 3 2 13 2 5 2 3
11010010111110011010010000110111 3 2 3 2 7 2 3 2 3
11101011011111010001101011110101 1109 353 3 239 17 3 7 103 3
10011001101110010101011101101111 683 2 263 2 5 2 5 2 5507
11110111010110001110100010110111 3 2 5 2 5 2 3 2 11
10110001101110000110011001100001 5 13 3 31 5 3 29 7 3
10110010100101011001001101101111 3 2 3 2 7 2 3 2 3
10010101101010011101010101000111 19 5 5 7 3529 13 5 5 73
10101001000110101101000011011101 3 2 5 2 7 2 3 2 11
11101000100101111000100010001001 31 2 7 2 29 2 7 2 67
10100001110010001100010101101011 5 13 3 17 5 3 73 7 3
10111110001001011100111011000101 3 2 3 2 7 2 3 2 3
10011010101110000100101100011111 3 7 11 3 83 29 3 167 7
11101001101010101110100010100111 29 2 3 2 109 2 19 2 3
11011111011011010001111110011011 179 2 61 2 11 2 17 2 23
11001100011101101011000110111001 3 2 3 2 7 2 3 2 3
11011001110111001110111011001001 3 2 5 2 5 2 3 2 11
11100011000001101100110011110111 3 2 3 2 7 2 3 2 3
11011010100111010001101011110001 3 2 3 2 7 2 3 2 3
10010000011101110011001111010001 503 2 173 2 73 2 5 2 17
11111101000110111101000010001101 17 2 3 2 41 2 5 2 3
11001000001101111100110010100101 3 2 5 2 7 2 3 2 7
10100000000010111010001111101011 163 5 3 83 5 3 5 881 3
11100101100110010111100010110011 3 2 3 2 7 2 3 2 3
10011110011001101011101110110001 3 5 13 3 31 43 3 73 7
10100011100000001001010101001001 3 2 3 2 7 2 3 2 3
10011101101010111001010100010101 3 5 103 3 29 73 3 281 19
11100101011110010100011001101011 17 2 3 2 1109 2 269 2 3
10010110000011000101110100110111 5 2 11 2 37 2 5 2 101
11100111000001010110101111101111 3 2 5 2 5 2 3 2 11
10100001110011000000100011111101 7 7 3 31 5 3 73 7 3
11101011110101000001000001001001 4957 2 41 2 23 2 7 2 29
10111000001110110000011110100001 3 37 3 3 5 3 3 103 3
10101001110010010000111100001011 3 2267 3 3 5 3 3 103 3
10001010110010101011010101001001 3 43 3 3 5 3 3 11 3
10101100000010000010111100000011 5 2 3 2 19 2 5 2 3
11100101110000110000101010111011 3 7 181 3 41 37 3 17 7
10110110101100000111000100100011 8011 5 3 1283 5 3 5 11 3
10110101101000111100100001101111 5 2 3 2 19 2 5 2 3
11101110100111100101011000000001 3 2 5 2 7 2 3 2 11
11010000011100100001011101100011 3 191 3 3 5 3 3 89 3
10000110001101100011000111000011 3 2 5 2 7 2 3 2 11
10100101000001010110110001111001 3 13 3 3 5 3 3 7 3
10111111011111011001111111000001 11 2 11 2 67 2 59 2 659
10101010101010101110111000111111 11 2 5 2 5 2 23 2 23
10111110011110010111111110111101 3 2 3 2 7 2 3 2 3
10100010000001011011101010000111 9749 2 7 2 13 2 7 2 233
10010000101000111011000101110011 1667 839 3 7 5 3 11 601 3
11101011000000101111110010111111 5 2 17 2 5 2 5 2 13
11101110011001001111010111000111 7 2 19 2 5 2 59 2 59
10001001011100111001000000111111 3 2 5 2 7 2 3 2 11
11011011010001110100100111100101 7 2 3 2 17 2 73 2 3
11001110110111100011101010001101 3 41 11 3 593 463 3 11 859
11111100110001100001101001100111 3 2 3 2 7 2 3 2 3
10100011110100010001000100111111 139 2 67 2 2857 2 13 2 179
10110111010111110110101000001001 3 2 3 2 7 2 3 2 3
10111110001011000010110111010101 3 2 3 2 7 2 3 2 3
10000111001000110000000000001101 3 2 5 2 5 2 3 2 11
10011000000011101110101010101111 5 17 1783 7 7 5 53 37 523
10000101101100100101001111001011 3 2 5 2 7 2 3 2 7
11001100000010001101001101010111 3 37 3 3 5 3 3 3037 3
10100110101011010010010101111101 3 2 3 2 7 2 3 2 3
10110010000110001000111101111111 13 2 3 2 53 2 11 2 3
10001001000110110001101111110111 3 2 3 2 7 2 3 2 3
11010001110000110110100111100111 5 2 3 2 37 2 5 2 3
11011001001111011101000111101111 3 7 3 3 47 3 3 7 3
10101111100001110100010001000101 3 29 3 3 5 3 3 29 3
11011110101110011011011000111001 17 2 911 2 5 2 5 2 19
11000001000011000010010110011111 23 2 11 2 31 2 7 2 827
11101011000001000111000111111011 3 2 3 2 7 2 3 2 3
11001101100111001011000110011101 5 2 3 2 163 2 131 2 3
11101010011101001001011000100101 3 2 5 2 7 2 3 2 7
11111000101100010100101011000101 3 2 5 2 7 2 3 2 7
11001011100111111010010100111011 2381 2 7 2 5 2 5 2 139
10100110011001000000010010011111 3 2 5 2 7 2 3 2 11
10011100111001110111110001111101 3 5 3 3 43 3 3 7 3
10011011101100101010011001000001 3 5 3 3 5 3 3 23 3
11110010010101010010010111111011 3 17 443 3 811 5 3 19 19
11010000111100110010000101101101 29 2 41 2 13 2 439 2 983
10001001111111111011101010110101 3 47 3 3 71 3 3 131 3
10101101110001111111001100001001 3 2 3 2 7 2 3 2 3
10001001011100100100111011111101 3 2 3 2 7 2 3 2 3
11010111101011010100110000110011 5 2 3 2 37 2 5 2 3
11011000000011101001011011011001 3 2 5 2 7 2 3 2 11
10000111011011100100100010000011 223 2 11 2 353 2 7 2 7
11100001100000111000110110010001 3 2 5 2 7 2 3 2 7
11101110011110111011101100001001 71 2 113 2 5 2 2003 2 227
11100111100011011111011010001111 97 5 3 23 13 3 5 251 3
11101010110000011110001110011001 3 5 7 3 11 463 3 11 3361
10100000010111101010011000010101 3 2 5 2 7 2 3 2 7
11011101101010011011110100011011 3 2 5 2 5 2 3 2 7
11000111001001111100111011000011 3 2 3 2 7 2 3 2 3
10000101010010111101100111010101 131 7 5 577 17 89 2179 5 7
10000010110011111001110010011111 13 2 3 2 11 2 307 2 3
10011011011100111111000100010011 5 2 3 2 17 2 11 2 3
11110111111010000100001010000101 3 2 5 2 7 2 3 2 11
11011100000010001101110010111011 5 5 7 673 6079 5 5 59 5801
10111110100111101000010000001001 3 7 3 3 5 3 3 7 3
11000100011001010010100100011011 5 2 7 2 37 2 5 2 19
11010100010111010001100001100101 5 13 3 11 5 3 73 7 3
11001101100100110110001100100011 3 2 5 2 7 2 3 2 11
11101100000110100111111100101001 5 2 3 2 37 2 5 2 3
11010100000011111011111010110111 3 2 5 2 5 2 3 2 11
11100100010010100110101110001001 3 5 3 3 5 3 3 131 3
11011100001001111000000000110101 5 2 17 2 13 2 5 2 59
10001010011011110001010111110011 3 2 3 2 7 2 3 2 3
11001101000111101100111001101111 3 2 5 2 5 2 3 2 11
10000101101001000011010100011101 13 2 79 2 983 2 7 2 29
11010100010000111101100101010011 3 2 11 2 23 2 3 2 331
10101101001100000001010110100011 3 2 5 2 7 2 3 2 11
10111001110100011000001011001111 7 19 2287 13 233 11 47 7 29
10000001010000011101000000011001 29 2 59 2 5 2 23 2 103
10010110100001100000111011001011 3 5 3 3 5 3 3 2011 3
11001001111100100010100000010101 3 2 5 2 7 2 3 2 11
10100111010111111110011011001001 3 2 5 2 5 2 3 2 11
10000100101101101001011101001111 17 7 53 17 2659 11 17 2731 7
10010000101100011001010110011011 5 73 3 11 5 3 11 53 3
11110101011001000101101100111101 191 61 5 53 23 6547 199 5 1747
10011111101111100000000010000101 7 5 3 31 5 3 5 7 3
11001010001000011011001011101101 5 2 17 2 37 2 5 2 37
11000011111110110011111001011011 7 5 3 5479 13 3 5 7 3
11000001000001100111010101101111 7 2 137 2 211 2 59 2 31
11001111101101110010110100111111 3 2 5 2 7 2 3 2 11
10001011010100010010111000011111 3 2 5 2 7 2 3 2 11
11010100101010010100100001101111 3 2 5 2 7 2 3 2 11
11000001110111101111111110100101 5 1307 3 101 53 3 7 23 3
10011100000011110001100100100011 3 2 5 2 7 2 3 2 11
11011000110000100011010110111001 3 2 5 2 7 2 3 2 11
10111111100000100110101011000111 173 2 3 2 41 2 107 2 3
11111110101000100110110000100111 11 2 3 2 41 2 11 2 3

