Case #1:
1110000001000011 3 2 3 2 7 2 3 2 3
1100110001010101 17 2 11 2 11 2 17 2 73
1101111010010011 3 2 5 2 5 2 3 2 7
1100101100011111 3 2 5 2 5 2 3 2 11
1100001110110001 3 2 5 2 7 2 3 2 11
1110000100100011 5 181 1091 7 59 5 7 19 41
1010111110101111 5 2 3 2 17 2 5 2 3
1101000001011101 41 2 251 2 5717 2 1039 2 490619
1000111100101111 5 2 17 2 5 2 5 2 29
1001001110001001 179 23 11 23 569 1979 7 31 17
1101011001100101 3 7 3 3 11 3 3 73 3
1110100111001011 11 2 379 2 5 2 61 2 13
1100001011000011 73 43 7 7 569 2339 7 617 193
1100000011000001 5 1993 139 29 5 5 2273 389 29
1100001010101011 5 2 17 2 37 2 5 2 23
1001000001000111 5 2 3 2 23 2 5 2 3
1100000101100001 5 2 3 2 37 2 5 2 3
1111101011000011 5 2 7 2 5 2 5 2 101
1100000010110111 3 2 5 2 7 2 3 2 11
1111100011000001 3 2 5 2 7 2 3 2 11
1100010111110001 3 7 3 3 31 3 3 7 3
1111010110011101 3 5 2269 3 23 17 3 61 23
1011111110000011 11 2 29 2 5 2 181 2 1454417
1000001011011101 3 2 5 2 7 2 3 2 11
1001010000111011 3 2 5 2 7 2 3 2 11
1100000001001011 3 2 3 2 7 2 3 2 3
1011000011011101 19 5 3 11 137 3 5 23 3
1111101111100101 3 2 3 2 7 2 3 2 3
1001100011100101 3 2 5 2 7 2 3 2 11
1101100101011101 5 2 11 2 5 2 31 2 41
1111101001011111 3 2 3 2 7 2 3 2 3
1111101001001011 5 2 17 2 5 2 5 2 23
1010111001111001 5 2 7 2 5 2 5 2 19
1111111110111111 7 13 3 31 5 3 73 7 3
1100110000111011 7 13 3 31 43 3 73 7 3
1111000011001001 3 2 5 2 7 2 3 2 11
1101010011000001 3 23 7 3 401 5 3 937 37189
1011110111111111 3 2 5 2 7 2 3 2 11
1101110100100111 5 2 7 2 5 2 5 2 101
1110101101110001 3 2 5 2 5 2 3 2 7
1011111101001111 3 2 3 2 7 2 3 2 3
1111100110111011 7 2 3 2 43 2 5 2 3
1010111001001011 3 7 3 3 31 3 3 73 3
1000010100100011 3 2 3 2 7 2 3 2 3
1001011101110011 137 2 7 2 5 2 89381 2 181
1010111100100011 3 7 3 3 23 3 3 7 3
1101011000011111 5 2 7 2 5 2 5 2 7
1111100110010011 3 2 5 2 5 2 3 2 11
1110100000011111 7 13 3 31 43 3 73 7 3
1111011111101111 3 2 5 2 7 2 3 2 11

