Case #1:
1100001100101101 3 2 5 2 7 2 3 2 11
1011101111000001 5 7 3 73 193 3 6791 181 3
1100010011101001 3 2 5 2 7 2 3 2 7
1011011101100101 7 2 3461 2 5 2 23 2 11969
1100101000010001 3 2 3 2 7 2 3 2 3
1011111000111001 11 2 7 2 5 2 4360529 2 43
1001011101110101 7 2 11 2 5 2 13331 2 17
1011001011101101 5 2 17 2 5 2 5 2 31
1001011000100001 3 2 3 2 7 2 3 2 3
1110000110110001 3 2 5 2 7 2 3 2 11
1011101010101011 3 2 7 2 5 2 3 2 73
1100110110011011 3 2 5 2 5 2 3 2 11
1001011101000001 3 7 13 3 31 43 3 19 7
1110110101001011 3 2 5 2 5 2 3 2 11
1011110110011001 3 2 5 2 5 2 3 2 7
1100101000011011 31 2 29 2 17 2 167 2 29
1110011000101101 5 7 3 11 19 3 67 29 3
1110010011100001 3 2 5 2 7 2 3 2 11
1101010000001001 17 2 3 2 1297 2 17 2 3
1011000100011011 3 2 5 2 7 2 3 2 11
1000100000000001 37 5 3 43 107 3 5 11 3
1101111011000011 3 2 5 2 5 2 3 2 11
1001011111000001 53 2 23 2 29 2 3089 2 79
1100010111010011 3 47 3 3 23 3 3 29 3
1111011001001011 3 2 5 2 5 2 3 2 11
1101111100010101 13 2 109 2 5 2 97 2 138469
1100011010101111 19 2 11 2 5 2 5923 2 89
1100001011100101 3 2 5 2 7 2 3 2 11
1000001111000101 7 7 137 181 11 17 7 7 7
1110111101001111 3 2 3 2 7 2 3 2 3
1101010111000011 3 53 3 3 13 3 3 37 3
1110010001111101 29 2 3851 2 5 2 431 2 937
1111010100101011 3 2 5 2 5 2 3 2 11
1101000101100111 3 47 3 3 67 3 3 47 3
1011101100010001 3 2 5 2 7 2 3 2 7
1100100110110111 3 2 5 2 5 2 3 2 11
1001111011101111 23 2 3 2 23011 2 61 2 3
1111000001101111 3 2 5 2 5 2 3 2 11
1110011011001001 11 5 3 157 29 3 5 3967 3
1101011101100111 3 5 7 3 137 541 3 1013 47
1001101010111001 3 97 3 3 13 3 3 11 3
1100000100101101 17 13 31 7 11 683 7 47 59
1011101100000011 5 2 16369 2 23 2 461 2 9999901
1001000110001011 19 11 7 7 19 151 7 103 503
1000101001100001 5 2 3 2 13 2 5 2 3
1100010100001111 61 2 11 2 199 2 11 2 13
1110001001000001 3 2 3 2 7 2 3 2 3
1111010010001111 3 2 5 2 5 2 3 2 11
1110011111101011 13 2 3 2 10193 2 2837 2 3
1110101001111111 173 2 3 2 59 2 83 2 3

