100
106852
131297
961352
759359
89116
766959
599368
385254
465115
993456
465545
777203
776654
552789
637166
431937
73972
91717
61027
523923
49195
945833
136700
283063
289286
612603
715036
52351
319940
638873
396577
689203
361640
402211
697536
602085
283428
195012
411116
102605
515831
761736
291627
393766
435978
316735
191483
456341
180324
688523
339239
924643
155536
819161
182339
578652
811704
67533
581378
741081
927667
882533
726095
471809
127095
603838
373081
885416
964372
963960
399313
625738
809745
781509
394502
319482
805068
643745
436718
878104
794019
653386
127704
550902
266928
363699
676356
786244
482609
30249
987845
660377
114337
745949
511785
323688
638211
407826
571404
503350
